

Experiment results : regular_BbB  | experiment_results/boston_housing_50_relu_v1


*** Objective function ***

BEST: 180503968.0
All restarts:
180503968.0
1125252224.0
20956936.0


*** ELBO ***

BEST (by objective): -65831472.0
All restarts:
-65831472.0
-1252092672.0
-20764838.0


*** Posterior predictive mass violation ***

BEST (by objective): 0.0
All restarts:
0.0
0.0
0.0


*** In-distribution held-out log likelihood ***

BEST (by objective): -19879066.0
All restarts:
-19879066.0
-1983728.875
-8408676.0


*** In-distribution validation RMSE ***

BEST (by objective): 7.8894
All restarts:
7.8894
26.1577
4.195



----------------------------------------------------------------------
--- EXPERIMENT SETUP ---
----------------------------------------------------------------------

- Regular BbB:

Iterations:
10000

BbB r.v. samples for grad.:
100

----------------------------------------------------------------------

- Constrained BbB:

Iterations:
300

BbB r.v. samples for gradient:
100

Gamma:
20000

Tau:
(15.0, 2.0)

----------------------------------------------------------------------

- Constraints in (x space, y-space):

Constraints for regions:
[]

----------------------------------------------------------------------

- NN:

Architecture:

Nonlinearity:
custom torch.autograd.funtion

----------------------------------------------------------------------

- Data:

Input data X:
tensor([[  0.0519,   0.0000,   4.4900,  ...,  18.5000, 395.9900,  12.8600],
        [  0.0795,  60.0000,   1.6900,  ...,  18.3000, 370.7800,   5.4900],
        [  0.0288,  28.0000,  15.0400,  ...,  18.2000, 396.3300,   6.2100],
        ...,
        [  0.0350,  80.0000,   4.9500,  ...,  19.2000, 396.9000,   3.3300],
        [  0.3298,   0.0000,  21.8900,  ...,  21.2000, 388.6900,  15.0300],
        [  0.0474,   0.0000,  11.9300,  ...,  21.0000, 396.9000,   7.8800]])

Output data Y:
tensor([[22.5000],
        [24.1000],
        [25.0000],
        [31.6000],
        [22.2000],
        [20.4000],
        [22.3000],
        [16.2000],
        [13.9000],
        [36.5000],
        [19.8000],
        [13.8000],
        [25.0000],
        [39.8000],
        [20.7000],
        [10.8000],
        [13.1000],
        [20.2000],
        [17.2000],
        [26.2000],
        [18.5000],
        [23.3000],
        [25.0000],
        [23.8000],
        [42.3000],
        [ 8.4000],
        [50.0000],
        [19.3000],
        [27.9000],
        [22.6000],
        [23.1000],
        [14.1000],
        [18.9000],
        [19.2000],
        [46.0000],
        [20.7000],
        [27.9000],
        [17.8000],
        [11.3000],
        [19.8000],
        [10.2000],
        [28.7000],
        [24.8000],
        [28.1000],
        [16.7000],
        [23.0000],
        [18.7000],
        [16.3000],
        [19.4000],
        [31.7000],
        [35.1000],
        [17.6000],
        [12.5000],
        [ 8.7000],
        [50.0000],
        [13.6000],
        [23.2000],
        [20.0000],
        [17.4000],
        [15.0000],
        [20.3000],
        [23.1000],
        [35.4000],
        [21.2000],
        [12.6000],
        [10.2000],
        [21.8000],
        [18.9000],
        [18.1000],
        [16.6000],
        [33.1000],
        [22.3000],
        [20.1000],
        [21.4000],
        [23.7000],
        [50.0000],
        [20.0000],
        [19.1000],
        [17.2000],
        [14.6000],
        [19.3000],
        [14.0000],
        [28.0000],
        [28.2000],
        [26.4000],
        [27.5000],
        [16.2000],
        [31.5000],
        [35.4000],
        [14.5000],
        [20.9000],
        [31.0000],
        [33.0000],
        [33.1000],
        [12.7000],
        [24.3000],
        [22.9000],
        [28.7000],
        [34.7000],
        [22.0000],
        [32.2000],
        [27.1000],
        [21.4000],
        [23.0000],
        [11.7000],
        [13.4000],
        [37.9000],
        [19.6000],
        [50.0000],
        [30.8000],
        [20.3000],
        [18.5000],
        [23.3000],
        [19.4000],
        [36.2000],
        [15.2000],
        [23.3000],
        [19.2000],
        [36.2000],
        [43.5000],
        [17.2000],
        [21.7000],
        [23.4000],
        [21.9000],
        [34.9000],
        [41.7000],
        [50.0000],
        [16.1000],
        [22.2000],
        [27.0000],
        [10.4000],
        [17.8000],
        [20.5000],
        [13.4000],
        [26.6000],
        [ 8.8000],
        [48.3000],
        [23.0000],
        [24.6000],
        [10.9000],
        [18.4000],
        [13.5000],
        [36.4000],
        [20.3000],
        [18.8000],
        [20.1000],
        [14.5000],
        [48.5000],
        [30.3000],
        [21.4000],
        [21.1000],
        [50.0000],
        [23.7000],
        [14.5000],
        [17.9000],
        [12.7000],
        [ 8.1000],
        [29.8000],
        [ 7.2000],
        [22.0000],
        [14.3000],
        [22.6000],
        [11.7000],
        [30.5000],
        [44.8000],
        [19.4000],
        [21.7000],
        [ 7.0000],
        [ 7.5000],
        [29.1000],
        [50.0000],
        [12.7000],
        [24.0000],
        [23.4000],
        [20.6000],
        [32.9000],
        [19.4000],
        [33.8000],
        [28.6000],
        [19.1000],
        [27.5000],
        [46.7000],
        [ 9.6000],
        [24.3000],
        [21.2000],
        [16.0000],
        [19.3000],
        [14.8000],
        [19.7000],
        [13.8000],
        [24.4000],
        [22.5000],
        [15.2000],
        [23.7000],
        [13.3000],
        [29.0000],
        [19.7000],
        [13.1000],
        [23.3000],
        [12.1000],
        [45.4000],
        [15.4000],
        [ 7.2000],
        [19.0000],
        [22.5000],
        [21.7000],
        [24.1000],
        [14.2000],
        [30.7000],
        [41.3000],
        [13.8000],
        [15.6000],
        [14.4000],
        [31.2000],
        [23.1000],
        [19.1000],
        [13.4000],
        [24.3000],
        [50.0000],
        [33.4000],
        [22.2000],
        [18.2000],
        [18.6000],
        [20.4000],
        [33.4000],
        [19.9000],
        [33.3000],
        [14.4000],
        [18.2000],
        [23.9000],
        [28.4000],
        [19.5000],
        [11.8000],
        [24.7000],
        [50.0000],
        [13.8000],
        [21.0000],
        [24.5000],
        [26.4000],
        [21.6000],
        [19.6000],
        [19.9000],
        [19.9000],
        [22.2000],
        [17.8000],
        [16.4000],
        [13.1000],
        [25.0000],
        [24.7000],
        [19.3000],
        [11.5000],
        [12.8000],
        [29.8000],
        [21.2000],
        [50.0000],
        [ 8.5000],
        [21.0000],
        [22.0000],
        [23.6000],
        [ 8.4000],
        [50.0000],
        [12.3000],
        [11.9000],
        [13.4000],
        [13.9000],
        [21.2000],
        [34.9000],
        [18.6000],
        [36.0000],
        [23.1000],
        [22.7000],
        [17.3000],
        [13.1000],
        [50.0000],
        [29.6000],
        [18.4000],
        [21.9000],
        [ 5.0000],
        [17.5000],
        [18.2000],
        [50.0000],
        [27.5000],
        [19.4000],
        [10.9000],
        [24.1000],
        [13.8000],
        [15.7000],
        [22.9000],
        [21.4000],
        [37.3000],
        [23.2000],
        [43.1000],
        [33.2000],
        [20.6000],
        [29.9000],
        [36.1000],
        [ 8.8000],
        [20.6000],
        [22.0000],
        [31.6000],
        [22.8000],
        [25.0000],
        [30.1000],
        [21.7000],
        [21.7000],
        [20.8000],
        [18.7000],
        [20.8000],
        [24.4000],
        [17.8000],
        [50.0000],
        [18.5000],
        [24.5000],
        [22.0000],
        [22.6000],
        [17.8000],
        [13.3000],
        [43.8000],
        [32.7000],
        [19.4000],
        [23.8000],
        [12.0000],
        [17.7000],
        [17.5000],
        [37.2000],
        [10.2000],
        [15.3000],
        [26.7000],
        [10.5000],
        [10.4000],
        [16.5000],
        [17.0000],
        [23.6000],
        [18.7000],
        [22.7000],
        [24.2000],
        [13.3000],
        [21.7000],
        [32.0000],
        [25.2000],
        [23.1000],
        [20.0000],
        [19.5000],
        [22.2000],
        [21.7000],
        [18.9000],
        [25.0000],
        [22.8000],
        [20.1000],
        [20.3000],
        [25.1000],
        [17.5000],
        [24.8000],
        [20.5000],
        [ 7.2000],
        [32.0000],
        [14.9000],
        [32.4000],
        [ 5.6000],
        [20.8000],
        [16.1000],
        [25.3000],
        [20.0000],
        [44.0000],
        [23.9000],
        [27.5000],
        [20.9000],
        [27.1000],
        [23.2000],
        [19.5000],
        [25.0000],
        [18.3000],
        [17.1000],
        [22.8000],
        [50.0000],
        [24.0000],
        [28.5000],
        [18.4000],
        [11.9000]])

ID test set:
tensor([[  4.2613,   0.0000,  18.1000,  ...,  20.2000, 390.7400,  12.6700],
        [  5.7082,   0.0000,  18.1000,  ...,  20.2000, 393.0700,   7.7400],
        [  4.2224,   0.0000,  18.1000,  ...,  20.2000, 353.0400,  14.6400],
        ...,
        [  0.2116,   0.0000,   8.5600,  ...,  20.9000, 394.4700,  13.4400],
        [  0.1509,   0.0000,  27.7400,  ...,  20.1000, 395.0900,  18.0600],
        [  0.1061,  30.0000,   4.9300,  ...,  16.6000, 394.6200,  12.4000]])

OOD test set:
None


----------------------------------------------------------------------
----------------------------------------------------------------------

 --- Full dictionary ---

{'bbb': {'BbB_rv_samples': 100,
         'constrained': {'constrained_region_sampler': <function constrained_region_sampler at 0x11b864b70>,
                         'cores_used': 1,
                         'gamma': 20000,
                         'iterations': 300,
                         'reporting_every_': 100,
                         'restarts': 1,
                         'tau_tuple': (15.0, 2.0),
                         'violation_samples': 500},
         'initialize_q': {'mean': 1.0, 'std': -5.0},
         'posterior_predictive_analysis': {'constrained_region_samples_for_pp_violation': 50,
                                           'posterior_samples': 50},
         'regular': {'cores_used': 1,
                     'iterations': 10000,
                     'reporting_every_': 100,
                     'restarts': 3}},
 'constraints': {'constr': [], 'plot': []},
 'data': {'X': tensor([[  0.0519,   0.0000,   4.4900,  ...,  18.5000, 395.9900,  12.8600],
        [  0.0795,  60.0000,   1.6900,  ...,  18.3000, 370.7800,   5.4900],
        [  0.0288,  28.0000,  15.0400,  ...,  18.2000, 396.3300,   6.2100],
        ...,
        [  0.0350,  80.0000,   4.9500,  ...,  19.2000, 396.9000,   3.3300],
        [  0.3298,   0.0000,  21.8900,  ...,  21.2000, 388.6900,  15.0300],
        [  0.0474,   0.0000,  11.9300,  ...,  21.0000, 396.9000,   7.8800]]),
          'X_plot': None,
          'X_v_id': tensor([[  4.2613,   0.0000,  18.1000,  ...,  20.2000, 390.7400,  12.6700],
        [  5.7082,   0.0000,  18.1000,  ...,  20.2000, 393.0700,   7.7400],
        [  4.2224,   0.0000,  18.1000,  ...,  20.2000, 353.0400,  14.6400],
        ...,
        [  0.2116,   0.0000,   8.5600,  ...,  20.9000, 394.4700,  13.4400],
        [  0.1509,   0.0000,  27.7400,  ...,  20.1000, 395.0900,  18.0600],
        [  0.1061,  30.0000,   4.9300,  ...,  16.6000, 394.6200,  12.4000]]),
          'X_v_ood': None,
          'Y': tensor([[22.5000],
        [24.1000],
        [25.0000],
        [31.6000],
        [22.2000],
        [20.4000],
        [22.3000],
        [16.2000],
        [13.9000],
        [36.5000],
        [19.8000],
        [13.8000],
        [25.0000],
        [39.8000],
        [20.7000],
        [10.8000],
        [13.1000],
        [20.2000],
        [17.2000],
        [26.2000],
        [18.5000],
        [23.3000],
        [25.0000],
        [23.8000],
        [42.3000],
        [ 8.4000],
        [50.0000],
        [19.3000],
        [27.9000],
        [22.6000],
        [23.1000],
        [14.1000],
        [18.9000],
        [19.2000],
        [46.0000],
        [20.7000],
        [27.9000],
        [17.8000],
        [11.3000],
        [19.8000],
        [10.2000],
        [28.7000],
        [24.8000],
        [28.1000],
        [16.7000],
        [23.0000],
        [18.7000],
        [16.3000],
        [19.4000],
        [31.7000],
        [35.1000],
        [17.6000],
        [12.5000],
        [ 8.7000],
        [50.0000],
        [13.6000],
        [23.2000],
        [20.0000],
        [17.4000],
        [15.0000],
        [20.3000],
        [23.1000],
        [35.4000],
        [21.2000],
        [12.6000],
        [10.2000],
        [21.8000],
        [18.9000],
        [18.1000],
        [16.6000],
        [33.1000],
        [22.3000],
        [20.1000],
        [21.4000],
        [23.7000],
        [50.0000],
        [20.0000],
        [19.1000],
        [17.2000],
        [14.6000],
        [19.3000],
        [14.0000],
        [28.0000],
        [28.2000],
        [26.4000],
        [27.5000],
        [16.2000],
        [31.5000],
        [35.4000],
        [14.5000],
        [20.9000],
        [31.0000],
        [33.0000],
        [33.1000],
        [12.7000],
        [24.3000],
        [22.9000],
        [28.7000],
        [34.7000],
        [22.0000],
        [32.2000],
        [27.1000],
        [21.4000],
        [23.0000],
        [11.7000],
        [13.4000],
        [37.9000],
        [19.6000],
        [50.0000],
        [30.8000],
        [20.3000],
        [18.5000],
        [23.3000],
        [19.4000],
        [36.2000],
        [15.2000],
        [23.3000],
        [19.2000],
        [36.2000],
        [43.5000],
        [17.2000],
        [21.7000],
        [23.4000],
        [21.9000],
        [34.9000],
        [41.7000],
        [50.0000],
        [16.1000],
        [22.2000],
        [27.0000],
        [10.4000],
        [17.8000],
        [20.5000],
        [13.4000],
        [26.6000],
        [ 8.8000],
        [48.3000],
        [23.0000],
        [24.6000],
        [10.9000],
        [18.4000],
        [13.5000],
        [36.4000],
        [20.3000],
        [18.8000],
        [20.1000],
        [14.5000],
        [48.5000],
        [30.3000],
        [21.4000],
        [21.1000],
        [50.0000],
        [23.7000],
        [14.5000],
        [17.9000],
        [12.7000],
        [ 8.1000],
        [29.8000],
        [ 7.2000],
        [22.0000],
        [14.3000],
        [22.6000],
        [11.7000],
        [30.5000],
        [44.8000],
        [19.4000],
        [21.7000],
        [ 7.0000],
        [ 7.5000],
        [29.1000],
        [50.0000],
        [12.7000],
        [24.0000],
        [23.4000],
        [20.6000],
        [32.9000],
        [19.4000],
        [33.8000],
        [28.6000],
        [19.1000],
        [27.5000],
        [46.7000],
        [ 9.6000],
        [24.3000],
        [21.2000],
        [16.0000],
        [19.3000],
        [14.8000],
        [19.7000],
        [13.8000],
        [24.4000],
        [22.5000],
        [15.2000],
        [23.7000],
        [13.3000],
        [29.0000],
        [19.7000],
        [13.1000],
        [23.3000],
        [12.1000],
        [45.4000],
        [15.4000],
        [ 7.2000],
        [19.0000],
        [22.5000],
        [21.7000],
        [24.1000],
        [14.2000],
        [30.7000],
        [41.3000],
        [13.8000],
        [15.6000],
        [14.4000],
        [31.2000],
        [23.1000],
        [19.1000],
        [13.4000],
        [24.3000],
        [50.0000],
        [33.4000],
        [22.2000],
        [18.2000],
        [18.6000],
        [20.4000],
        [33.4000],
        [19.9000],
        [33.3000],
        [14.4000],
        [18.2000],
        [23.9000],
        [28.4000],
        [19.5000],
        [11.8000],
        [24.7000],
        [50.0000],
        [13.8000],
        [21.0000],
        [24.5000],
        [26.4000],
        [21.6000],
        [19.6000],
        [19.9000],
        [19.9000],
        [22.2000],
        [17.8000],
        [16.4000],
        [13.1000],
        [25.0000],
        [24.7000],
        [19.3000],
        [11.5000],
        [12.8000],
        [29.8000],
        [21.2000],
        [50.0000],
        [ 8.5000],
        [21.0000],
        [22.0000],
        [23.6000],
        [ 8.4000],
        [50.0000],
        [12.3000],
        [11.9000],
        [13.4000],
        [13.9000],
        [21.2000],
        [34.9000],
        [18.6000],
        [36.0000],
        [23.1000],
        [22.7000],
        [17.3000],
        [13.1000],
        [50.0000],
        [29.6000],
        [18.4000],
        [21.9000],
        [ 5.0000],
        [17.5000],
        [18.2000],
        [50.0000],
        [27.5000],
        [19.4000],
        [10.9000],
        [24.1000],
        [13.8000],
        [15.7000],
        [22.9000],
        [21.4000],
        [37.3000],
        [23.2000],
        [43.1000],
        [33.2000],
        [20.6000],
        [29.9000],
        [36.1000],
        [ 8.8000],
        [20.6000],
        [22.0000],
        [31.6000],
        [22.8000],
        [25.0000],
        [30.1000],
        [21.7000],
        [21.7000],
        [20.8000],
        [18.7000],
        [20.8000],
        [24.4000],
        [17.8000],
        [50.0000],
        [18.5000],
        [24.5000],
        [22.0000],
        [22.6000],
        [17.8000],
        [13.3000],
        [43.8000],
        [32.7000],
        [19.4000],
        [23.8000],
        [12.0000],
        [17.7000],
        [17.5000],
        [37.2000],
        [10.2000],
        [15.3000],
        [26.7000],
        [10.5000],
        [10.4000],
        [16.5000],
        [17.0000],
        [23.6000],
        [18.7000],
        [22.7000],
        [24.2000],
        [13.3000],
        [21.7000],
        [32.0000],
        [25.2000],
        [23.1000],
        [20.0000],
        [19.5000],
        [22.2000],
        [21.7000],
        [18.9000],
        [25.0000],
        [22.8000],
        [20.1000],
        [20.3000],
        [25.1000],
        [17.5000],
        [24.8000],
        [20.5000],
        [ 7.2000],
        [32.0000],
        [14.9000],
        [32.4000],
        [ 5.6000],
        [20.8000],
        [16.1000],
        [25.3000],
        [20.0000],
        [44.0000],
        [23.9000],
        [27.5000],
        [20.9000],
        [27.1000],
        [23.2000],
        [19.5000],
        [25.0000],
        [18.3000],
        [17.1000],
        [22.8000],
        [50.0000],
        [24.0000],
        [28.5000],
        [18.4000],
        [11.9000]]),
          'Y_plot': None,
          'Y_v_id': tensor([[22.6000],
        [23.7000],
        [16.8000],
        [15.0000],
        [18.0000],
        [29.4000],
        [19.8000],
        [ 8.3000],
        [22.6000],
        [23.1000],
        [13.0000],
        [26.6000],
        [15.6000],
        [21.9000],
        [16.7000],
        [14.1000],
        [24.4000],
        [ 7.0000],
        [24.7000],
        [15.6000],
        [34.9000],
        [37.0000],
        [16.1000],
        [ 8.3000],
        [22.4000],
        [15.6000],
        [18.5000],
        [15.1000],
        [22.8000],
        [48.8000],
        [11.8000],
        [29.0000],
        [17.1000],
        [20.5000],
        [34.6000],
        [22.0000],
        [19.0000],
        [42.8000],
        [21.1000],
        [23.9000],
        [ 9.7000],
        [24.5000],
        [28.7000],
        [14.1000],
        [ 5.0000],
        [20.4000],
        [ 6.3000],
        [22.9000],
        [24.4000],
        [19.6000],
        [21.6000],
        [15.0000],
        [17.4000],
        [35.2000],
        [23.2000],
        [14.9000],
        [23.8000],
        [22.1000],
        [38.7000],
        [15.6000],
        [19.6000],
        [13.5000],
        [14.6000],
        [22.0000],
        [30.1000],
        [20.0000],
        [13.6000],
        [23.1000],
        [26.5000],
        [24.6000],
        [23.5000],
        [31.1000],
        [24.8000],
        [28.4000],
        [23.9000],
        [14.9000],
        [26.6000],
        [22.4000],
        [18.3000],
        [ 8.5000],
        [29.1000],
        [19.5000],
        [16.6000],
        [20.1000],
        [19.9000],
        [21.4000],
        [37.6000],
        [21.5000],
        [24.8000],
        [18.8000],
        [22.9000],
        [23.9000],
        [20.6000],
        [17.4000],
        [ 7.4000],
        [20.2000],
        [30.1000],
        [15.4000],
        [33.2000],
        [20.6000],
        [13.2000],
        [21.5000],
        [10.5000],
        [21.0000],
        [20.6000],
        [14.3000],
        [29.6000],
        [21.8000],
        [16.8000],
        [17.1000],
        [ 9.5000],
        [50.0000],
        [25.0000],
        [11.0000],
        [32.5000],
        [23.8000],
        [31.5000],
        [23.0000],
        [19.6000],
        [18.9000],
        [21.2000],
        [20.4000],
        [16.5000],
        [19.1000],
        [19.3000],
        [15.2000],
        [20.1000]]),
          'Y_v_ood': None,
          'integral_constrained_region': 14,
          'noise_ds': Normal(),
          'plt_x_domain': (-13, 11),
          'plt_y_domain': (-2.5, 2.5)},
 'experiment': {'compute_RMSE_id': True,
                'compute_RMSE_ood': False,
                'compute_held_out_loglik_id': True,
                'compute_held_out_loglik_ood': False,
                'multithread_computation': False,
                'plot_size': (6, 4),
                'run_constrained_BbB': False,
                'run_regular_BbB': True,
                'show_constraint_function_heatmap': False,
                'show_function_samples': False,
                'show_plot_training_evaluations': True,
                'show_posterior_predictive': False},
 'nn': {'architecture': [13, 50, 1],
        'nonlinearity': <built-in method apply of FunctionMeta object at 0x7feec463e9e8>,
        'prior_ds': Normal()},
 'title': 'boston_housing_50_relu'}

